{"M": [[[0.9498211423641552, -0.3127935381654349, 0.0, 126.34886224292892], [0.312793538165435, 0.9498211423641552, 0.0, 174.82499206958383], [0.0, 0.0, 1.0, -53.26313743195932], [0.0, 0.0, 0.0, 1.0]], [[0.9498211423641545, -0.3127935381654349, 0.0, 126.34886224293791], [0.3127935381654344, 0.9498211423641548, 0.0, 174.8249920695907], [0.0, 0.0, 1.0, -53.26313743195932], [0.0, 0.0, 0.0, 1.0]], [[0.9498211423641558, -0.31279353816543487, 0.0, 126.34886224292138], [0.312793538165435, 0.9498211423641553, 0.0, 174.82499206958383], [0.0, 0.0, 1.0, -53.26313743195932], [0.0, 0.0, 0.0, 1.0]], [[0.9498211423641556, -0.3127935381654347, 0.0, 126.34886224292346], [0.3127935381654348, 0.9498211423641553, 0.0, 174.82499206958607], [0.0, 0.0, 1.0, -53.26313743195932], [0.0, 0.0, 0.0, 1.0]], [[0.9497870034060842, -0.3128971846483918, 0.0, 126.86005268611166], [0.31289718464839145, 0.9497870034060848, 0.0, 173.54622510451668], [0.0, 0.0, 1.0, -53.26543395461859], [0.0, 0.0, 0.0, 1.0]], [[0.949728262547097, -0.3130754339121362, 0.0, 127.63717783348423], [0.31307543391213577, 0.9497282625470969, 0.0, 171.73158150844486], [0.0, 0.0, 1.0, -52.740956281798475], [0.0, 0.0, 0.0, 1.0]], [[0.9501488570115485, -0.3117966477043148, 0.0, 122.48233031674967], [0.3117966477043148, 0.9501488570115482, 0.0, 187.7580963737165], [0.0, 0.0, 1.0, -52.64999523344599], [0.0, 0.0, 0.0, 1.0]], [[0.9501052221093642, -0.31192958647828706, 0.0, 122.92560328360405], [0.31192958647828684, 0.9501052221093642, 0.0, 186.30498897668326], [0.0, 0.0, 1.0, -52.58476372497085], [0.0, 0.0, 0.0, 1.0]], [[0.950898112147383, -0.3095040877186324, 0.0, 113.39000437065543], [0.3095040877186325, 0.9508981121473831, 0.0, 216.09629389221487], [0.0, 0.0, 1.0, -52.64263186219441], [0.0, 0.0, 0.0, 1.0]], [[0.9508346227556268, -0.30969908002634544, 0.0, 114.25389756565166], [0.3096990800263454, 0.9508346227556269, 0.0, 213.78653579785225], [0.0, 0.0, 1.0, -52.67193906888478], [0.0, 0.0, 0.0, 1.0]], [[0.952839723892771, -0.3034739866478657, 0.0, 89.61672000671498], [0.30347398664786585, 0.9528397238927707, 0.0, 290.5997737953936], [0.0, 0.0, 1.0, -52.81276132602073], [0.0, 0.0, 0.0, 1.0]], [[0.9530171540240805, -0.30291633190675515, 0.0, 87.37070984763852], [0.3029163319067553, 0.9530171540240799, 0.0, 297.4505474852598], [0.0, 0.0, 1.0, -52.96932802676888], [0.0, 0.0, 0.0, 1.0]], [[0.9531971694259277, -0.3023493942418281, 0.0, 85.01742006532011], [0.30234939424182844, 0.9531971694259275, 0.0, 304.38305492801726], [0.0, 0.0, 1.0, -53.045029741412904], [0.0, 0.0, 0.0, 1.0]], [[0.9531860350271737, -0.3023844946904119, 0.0, 85.04474479101401], [0.30238449469041206, 0.9531860350271735, 0.0, 303.83865649627035], [0.0, 0.0, 1.0, -53.19581322512478], [0.0, 0.0, 0.0, 1.0]], [[0.9531918244764042, -0.3023662443979906, 0.0, 85.03248043991498], [0.30236624439799076, 0.9531918244764036, 0.0, 303.9217044213472], [0.0, 0.0, 1.0, -53.2177191842216], [0.0, 0.0, 0.0, 1.0]], [[0.9532139645410997, -0.30229644027649283, 0.0, 84.70848076582882], [0.30229644027649316, 0.9532139645410999, 0.0, 304.68204763408727], [0.0, 0.0, 1.0, -53.222876020078154], [0.0, 0.0, 0.0, 1.0]], [[0.9531841453059359, -0.30239045146530685, 0.0, 85.04690867480035], [0.30239045146530663, 0.953184145305936, 0.0, 303.15671094664293], [0.0, 0.0, 1.0, -53.472986630921866], [0.0, 0.0, 0.0, 1.0]], [[0.9531104968199662, -0.30262250552726405, 0.0, 85.90343430324565], [0.3026225055272645, 0.9531104968199654, 0.0, 300.304800921011], [0.0, 0.0, 1.0, -53.47760347235917], [0.0, 0.0, 0.0, 1.0]], [[0.952977111236613, -0.3030422832858799, 0.0, 87.45945696996307], [0.3030422832858796, 0.9529771112366133, 0.0, 295.02889671307713], [0.0, 0.0, 1.0, -53.548264882698554], [0.0, 0.0, 0.0, 1.0]], [[0.952952452705685, -0.3031198160500572, 0.0, 87.43045370914763], [0.3031198160500575, 0.9529524527056845, 0.0, 293.7263891010967], [0.0, 0.0, 1.0, -53.92438628513376], [0.0, 0.0, 0.0, 1.0]], [[0.9528727937413782, -0.30337013522675743, 0.0, 88.30105347578233], [0.30337013522675726, 0.9528727937413781, 0.0, 290.6300644377726], [0.0, 0.0, 1.0, -53.9450798790393], [0.0, 0.0, 0.0, 1.0]], [[0.9527853958492168, -0.3036445116521155, 0.0, 89.62602832054826], [0.3036445116521159, 0.9527853958492166, 0.0, 287.16487825684965], [0.0, 0.0, 1.0, -53.88852079676352], [0.0, 0.0, 0.0, 1.0]], [[0.9527187133323558, -0.3038536708126801, 0.0, 90.61360858511645], [0.30385367081268033, 0.9527187133323559, 0.0, 284.5650594102438], [0.0, 0.0, 1.0, -53.824480483509056], [0.0, 0.0, 0.0, 1.0]], [[0.9526095207835167, -0.304195826586425, 0.0, 91.92465384723535], [0.3041958265864251, 0.952609520783517, 0.0, 280.30270816834917], [0.0, 0.0, 1.0, -53.8359274446689], [0.0, 0.0, 0.0, 1.0]], [[0.9524714400480887, -0.3046278974301575, 0.0, 93.55140327492013], [0.3046278974301571, 0.952471440048089, 0.0, 275.2188652939377], [0.0, 0.0, 1.0, -53.63416722220984], [0.0, 0.0, 0.0, 1.0]], [[0.9523677391088627, -0.3049519462221432, 0.0, 94.76641985576617], [0.304951946222143, 0.9523677391088627, 0.0, 271.0137939204974], [0.0, 0.0, 1.0, -53.63905446661284], [0.0, 0.0, 0.0, 1.0]], [[0.9522233270923296, -0.3054025791332068, 0.0, 96.28158588062475], [0.30540257913320723, 0.9522233270923294, 0.0, 265.0135836911478], [0.0, 0.0, 1.0, -53.99317341015166], [0.0, 0.0, 0.0, 1.0]], [[0.9518762369522005, -0.30648267410364044, 0.0, 100.5738986906598], [0.3064826741036404, 0.9518762369522005, 0.0, 251.80484247644725], [0.0, 0.0, 1.0, -54.13888665577183], [0.0, 0.0, 0.0, 1.0]], [[0.9519328891818724, -0.306306667400257, 0.0, 99.91032767728558], [0.30630666740025664, 0.9519328891818728, 0.0, 254.3031706796127], [0.0, 0.0, 1.0, -54.33743305357924], [0.0, 0.0, 0.0, 1.0]], [[0.9521389815484395, -0.3056654377189212, 0.0, 97.28774597076016], [0.305665437718921, 0.9521389815484398, 0.0, 262.56745140411937], [0.0, 0.0, 1.0, -54.34388169053943], [0.0, 0.0, 0.0, 1.0]], [[0.9513113998940941, -0.3082314397194743, 0.0, 107.20593584215331], [0.30823143971947486, 0.9513113998940939, 0.0, 230.94810683587752], [0.0, 0.0, 1.0, -54.348709460346356], [0.0, 0.0, 0.0, 1.0]], [[0.9513367293230787, -0.3081532531726159, 0.0, 106.83486537522124], [0.30815325317261555, 0.9513367293230789, 0.0, 231.63964538492755], [0.0, 0.0, 1.0, -54.6118228823503], [0.0, 0.0, 0.0, 1.0]], [[0.9514826873271731, -0.30770228422399043, 0.0, 105.06498124385669], [0.3077022842239907, 0.951482687327173, 0.0, 236.93936695632894], [0.0, 0.0, 1.0, -54.583265707901695], [0.0, 0.0, 0.0, 1.0]], [[0.9516326724806009, -0.3072381107015023, 0.0, 103.16977102514814], [0.307238110701502, 0.9516326724806011, 0.0, 242.5792597716271], [0.0, 0.0, 1.0, -54.638637256753924], [0.0, 0.0, 0.0, 1.0]], [[0.9505692098545051, -0.31051276507831405, 0.0, 115.97852979005336], [0.31051276507831344, 0.9505692098545055, 0.0, 201.54002946781296], [0.0, 0.0, 1.0, -54.7435204487184], [0.0, 0.0, 0.0, 1.0]], [[0.9500439829320444, -0.3121160529268202, 0.0, 122.28945869262344], [0.31211605292682065, 0.9500439829320444, 0.0, 181.6286779328061], [0.0, 0.0, 1.0, -54.7338982395194], [0.0, 0.0, 0.0, 1.0]], [[0.9501485023556369, -0.31179772845763404, 0.0, 121.07933395122018], [0.31179772845763404, 0.9501485023556367, 0.0, 185.655443932366], [0.0, 0.0, 1.0, -54.74327676067564], [0.0, 0.0, 0.0, 1.0]], [[0.9501149753025632, -0.31189987769444427, 0.0, 121.56430189536279], [0.31189987769444394, 0.9501149753025634, 0.0, 184.4749920722979], [0.0, 0.0, 1.0, -54.76742555940464], [0.0, 0.0, 0.0, 1.0]], [[0.9500783410182347, -0.31201145159759464, 0.0, 122.02730498173872], [0.31201145159759425, 0.9500783410182349, 0.0, 183.1365264511512], [0.0, 0.0, 1.0, -54.75667154959979], [0.0, 0.0, 0.0, 1.0]], [[0.950228029768982, -0.31155527830765395, 0.0, 120.12543006677085], [0.3115552783076544, 0.9502280297689816, 0.0, 188.92064913318544], [0.0, 0.0, 1.0, -54.680130843509495], [0.0, 0.0, 0.0, 1.0]], [[0.9502039652807845, -0.31162866422181484, 0.0, 120.56067994278918], [0.3116286642218144, 0.9502039652807848, 0.0, 188.13772181960448], [0.0, 0.0, 1.0, -54.69767041461409], [0.0, 0.0, 0.0, 1.0]], [[0.950275227447441, -0.3114112908995332, 0.0, 119.62918801377619], [0.31141129089953307, 0.9502752274474412, 0.0, 190.66555793992666], [0.0, 0.0, 1.0, -54.552371746382434], [0.0, 0.0, 0.0, 1.0]], [[0.9497154548681156, -0.31311428390389495, 0.0, 126.45043882783382], [0.3131142839038954, 0.9497154548681156, 0.0, 169.57274169532707], [0.0, 0.0, 1.0, -54.48444803345598], [0.0, 0.0, 0.0, 1.0]], [[0.9496813038212352, -0.31321784938345826, 0.0, 126.7743403805585], [0.3132178493834581, 0.9496813038212354, 0.0, 168.20389790289227], [0.0, 0.0, 1.0, -54.4014102136789], [0.0, 0.0, 0.0, 1.0]], [[0.9496600889253614, -0.3132821659499235, 0.0, 127.08782153040093], [0.31328216594992386, 0.9496600889253614, 0.0, 167.44903880687963], [0.0, 0.0, 1.0, -54.325522843104494], [0.0, 0.0, 0.0, 1.0]], [[0.9497016982006686, -0.31315600654428954, 0.0, 126.56969611049595], [0.3131560065442901, 0.9497016982006684, 0.0, 169.1933244669032], [0.0, 0.0, 1.0, -54.10867857561489], [0.0, 0.0, 0.0, 1.0]], [[0.9497719356169732, -0.31294291861997614, 0.0, 125.8271751332107], [0.31294291861997675, 0.9497719356169729, 0.0, 172.13669108989617], [0.0, 0.0, 1.0, -53.60310999210755], [0.0, 0.0, 0.0, 1.0]], [[0.9499152208916719, -0.31250771689404444, 0.0, 124.160757859804], [0.31250771689404533, 0.9499152208916715, 0.0, 177.67324492240851], [0.0, 0.0, 1.0, -53.28858375521744], [0.0, 0.0, 0.0, 1.0]], [[0.9500196710948103, -0.312190045537824, 0.0, 122.71435656559599], [0.31219004553782403, 0.9500196710948101, 0.0, 181.93641101287784], [0.0, 0.0, 1.0, -52.81414584433926], [0.0, 0.0, 0.0, 1.0]], [[0.9501121512294997, -0.31190848030480384, 0.0, 122.07912602896103], [0.3119084803048038, 0.9501121512294999, 0.0, 185.47907703650202], [0.0, 0.0, 1.0, -52.61499999507967], [0.0, 0.0, 0.0, 1.0]], [[0.9501138991825159, -0.311903155771461, 0.0, 122.34318165666608], [0.31190315577146077, 0.9501138991825157, 0.0, 185.6463594128532], [0.0, 0.0, 1.0, -52.387725550840365], [0.0, 0.0, 0.0, 1.0]], [[0.9500678500671643, -0.3120433948487888, 0.0, 123.30515495660566], [0.31204339484878924, 0.9500678500671641, 0.0, 184.0719813737243], [0.0, 0.0, 1.0, -52.18965139300246], [0.0, 0.0, 0.0, 1.0]], [[0.9500559278199558, -0.3120796917682477, 0.0, 123.40780313049287], [0.3120796917682482, 0.9500559278199555, 0.0, 183.6331472530068], [0.0, 0.0, 1.0, -52.157549567275815], [0.0, 0.0, 0.0, 1.0]]]}