{"M": [[[0.9497629660016141, -0.31297013980860455, 0.0, 127.2799203231536], [0.3129701398086048, 0.9497629660016139, 0.0, 172.83563567435255], [0.0, 0.0, 1.0, -52.882802662550375], [0.0, 0.0, 0.0, 1.0]], [[0.949917631931277, -0.31250038807348246, 0.0, 125.31631948430062], [0.3125003880734832, 0.9499176319312764, 0.0, 178.9073335203933], [0.0, 0.0, 1.0, -52.73889042600785], [0.0, 0.0, 0.0, 1.0]], [[0.9501313643662676, -0.31184994860909526, 0.0, 122.68317301593055], [0.31184994860909565, 0.9501313643662674, 0.0, 187.39069169598267], [0.0, 0.0, 1.0, -52.518411509905384], [0.0, 0.0, 0.0, 1.0]], [[0.9500870332841825, -0.31198498230725696, 0.0, 123.16429136202798], [0.3119849823072567, 0.950087033284183, 0.0, 185.60978089705355], [0.0, 0.0, 1.0, -52.56719725446565], [0.0, 0.0, 0.0, 1.0]], [[0.9508928495534599, -0.3095202556668955, 0.0, 113.50140642510095], [0.3095202556668952, 0.9508928495534602, 0.0, 215.8716270991647], [0.0, 0.0, 1.0, -52.63282893395676], [0.0, 0.0, 0.0, 1.0]], [[0.9528204722536547, -0.30353442581414586, 0.0, 89.93318566268094], [0.3035344258141459, 0.9528204722536543, 0.0, 289.9576872205073], [0.0, 0.0, 1.0, -52.64799745147313], [0.0, 0.0, 0.0, 1.0]], [[0.9527951273959954, -0.3036139740039161, 0.0, 90.09963733488391], [0.3036139740039165, 0.9527951273959949, 0.0, 288.84951981867675], [0.0, 0.0, 1.0, -52.85329996872574], [0.0, 0.0, 0.0, 1.0]], [[0.9531022183235596, -0.3026485774404178, 0.0, 86.30464118510977], [0.3026485774404175, 0.95310221832356, 0.0, 300.75913474886244], [0.0, 0.0, 1.0, -52.94628781589661], [0.0, 0.0, 0.0, 1.0]], [[0.9532721889835789, -0.3021127830967361, 0.0, 83.8833043364968], [0.30211278309673606, 0.953272188983579, 0.0, 307.2418485175142], [0.0, 0.0, 1.0, -53.17279939860561], [0.0, 0.0, 0.0, 1.0]], [[0.9531583362986863, -0.30247179363424637, 0.0, 85.44875313069222], [0.3024717936342459, 0.953158336298687, 0.0, 302.72683240797153], [0.0, 0.0, 1.0, -53.21155022037145], [0.0, 0.0, 0.0, 1.0]], [[0.9531663161501057, -0.30244664613256245, 0.0, 85.34474935066376], [0.3024466461325622, 0.9531663161501063, 0.0, 302.84365993328504], [0.0, 0.0, 1.0, -53.21402726416562], [0.0, 0.0, 0.0, 1.0]], [[0.9531992546799052, -0.3023428201192716, 0.0, 84.9286376019948], [0.3023428201192719, 0.9531992546799051, 0.0, 303.91429684967824], [0.0, 0.0, 1.0, -53.27758035674312], [0.0, 0.0, 0.0, 1.0]], [[0.953137917133958, -0.30253613159677367, 0.0, 85.57113420767975], [0.30253613159677367, 0.953137917133958, 0.0, 301.4158397247049], [0.0, 0.0, 1.0, -53.47207400282326], [0.0, 0.0, 0.0, 1.0]], [[0.9530126019638919, -0.3029306529521435, 0.0, 87.10591553095927], [0.3029306529521433, 0.9530126019638921, 0.0, 296.4950189124116], [0.0, 0.0, 1.0, -53.47873923623554], [0.0, 0.0, 0.0, 1.0]], [[0.9529475879803522, -0.303135109418932, 0.0, 87.6572723444274], [0.30313510941893174, 0.9529475879803526, 0.0, 293.65505466369274], [0.0, 0.0, 1.0, -53.8206144977806], [0.0, 0.0, 0.0, 1.0]], [[0.9529184353317572, -0.30322673959411256, 0.0, 87.69815567384231], [0.30322673959411284, 0.9529184353317572, 0.0, 292.4071999492085], [0.0, 0.0, 1.0, -53.9438268683051], [0.0, 0.0, 0.0, 1.0]], [[0.9528366760357789, -0.3034835560637302, 0.0, 88.83018270282072], [0.30348355606372995, 0.9528366760357793, 0.0, 289.2231508574162], [0.0, 0.0, 1.0, -53.93947184120726], [0.0, 0.0, 0.0, 1.0]], [[0.9527754800340132, -0.30367562405625376, 0.0, 89.83356659549709], [0.30367562405625326, 0.9527754800340132, 0.0, 286.77483456695626], [0.0, 0.0, 1.0, -53.88069742654153], [0.0, 0.0, 0.0, 1.0]], [[0.9526741446925281, -0.3039933782738694, 0.0, 91.18318562439998], [0.30399337827386913, 0.9526741446925281, 0.0, 282.846555974535], [0.0, 0.0, 1.0, -53.84701875612252], [0.0, 0.0, 0.0, 1.0]], [[0.9525277179198757, -0.3044518789469897, 0.0, 92.8642498057919], [0.30445187894698966, 0.9525277179198763, 0.0, 277.1230365431624], [0.0, 0.0, 1.0, -53.802362964497135], [0.0, 0.0, 0.0, 1.0]], [[0.9524014055392401, -0.3048467856594173, 0.0, 94.40373288140664], [0.30484678565941675, 0.9524014055392406, 0.0, 272.4361692360895], [0.0, 0.0, 1.0, -53.63332212936763], [0.0, 0.0, 0.0, 1.0]], [[0.9522779872635221, -0.30523210016860103, 0.0, 95.6987945924198], [0.3052321001686007, 0.9522779872635221, 0.0, 267.24384602291286], [0.0, 0.0, 1.0, -53.83694939128002], [0.0, 0.0, 0.0, 1.0]], [[0.952101323634395, -0.3057827162114157, 0.0, 97.72185408903762], [0.30578271621141506, 0.9521013236343956, 0.0, 260.280658563008], [0.0, 0.0, 1.0, -54.005862016297954], [0.0, 0.0, 0.0, 1.0]], [[0.9519614228223403, -0.3062179770328076, 0.0, 99.56570113242091], [0.30621797703280745, 0.9519614228223405, 0.0, 255.0774490165103], [0.0, 0.0, 1.0, -54.14545553629375], [0.0, 0.0, 0.0, 1.0]], [[0.9517850685436641, -0.3067656814204176, 0.0, 101.65069383025745], [0.306765681420418, 0.951785068543664, 0.0, 248.7665206707463], [0.0, 0.0, 1.0, -54.34041606617888], [0.0, 0.0, 0.0, 1.0]], [[0.951294725728414, -0.3082828973545301, 0.0, 107.41893632078242], [0.3082828973545311, 0.9512947257284137, 0.0, 230.5131386575615], [0.0, 0.0, 1.0, -54.34347214750673], [0.0, 0.0, 0.0, 1.0]], [[0.9512692367507549, -0.308361539773745, 0.0, 107.66001815412616], [0.3083615397737444, 0.9512692367507551, 0.0, 228.9461334789841], [0.0, 0.0, 1.0, -54.47392230535466], [0.0, 0.0, 0.0, 1.0]], [[0.9513776206666527, -0.30802698403655976, 0.0, 106.34135611633491], [0.30802698403655987, 0.9513776206666524, 0.0, 233.25002122673018], [0.0, 0.0, 1.0, -54.55467848861551], [0.0, 0.0, 0.0, 1.0]], [[0.9517712630505176, -0.30680851166683987, 0.0, 101.47008867169679], [0.3068085116668396, 0.951771263050518, 0.0, 248.0660166393763], [0.0, 0.0, 1.0, -54.603179194884305], [0.0, 0.0, 0.0, 1.0]], [[0.9506105786417778, -0.310386094685867, 0.0, 115.5671924513915], [0.3103860946858668, 0.9506105786417779, 0.0, 203.1961717465256], [0.0, 0.0, 1.0, -54.72646664440953], [0.0, 0.0, 0.0, 1.0]], [[0.9503143484018964, -0.3112918874970558, 0.0, 119.0714315654125], [0.31129188749705605, 0.9503143484018962, 0.0, 191.94527794679354], [0.0, 0.0, 1.0, -54.72001608074077], [0.0, 0.0, 0.0, 1.0]], [[0.9500356637477466, -0.3121413743920833, 0.0, 122.45181958079785], [0.3121413743920838, 0.9500356637477466, 0.0, 181.38251130175925], [0.0, 0.0, 1.0, -54.74134747486604], [0.0, 0.0, 0.0, 1.0]], [[0.9501348095023198, -0.31183945191715223, 0.0, 121.22073403252308], [0.31183945191715184, 0.95013480950232, 0.0, 185.16180152069583], [0.0, 0.0, 1.0, -54.71595457636049], [0.0, 0.0, 0.0, 1.0]], [[0.9500994880574116, -0.31194705126518635, 0.0, 121.75981091275783], [0.31194705126518657, 0.9500994880574115, 0.0, 183.91370218284746], [0.0, 0.0, 1.0, -54.77046531812122], [0.0, 0.0, 0.0, 1.0]], [[0.9502415293653813, -0.3115141021997894, 0.0, 119.91439869817256], [0.31151410219978937, 0.9502415293653814, 0.0, 189.3758956827274], [0.0, 0.0, 1.0, -54.69794169418869], [0.0, 0.0, 0.0, 1.0]], [[0.9502174875676672, -0.3115874296575369, 0.0, 120.26213383911482], [0.31158742965753705, 0.9502174875676671, 0.0, 188.49393108184972], [0.0, 0.0, 1.0, -54.63628444924271], [0.0, 0.0, 0.0, 1.0]], [[0.9501936485348607, -0.31166011981646113, 0.0, 120.68425810425376], [0.3116601198164615, 0.9501936485348602, 0.0, 187.66146856538654], [0.0, 0.0, 1.0, -54.646803862975396], [0.0, 0.0, 0.0, 1.0]], [[0.9502668072367917, -0.31143698409789855, 0.0, 119.92306404498335], [0.31143698409789866, 0.9502668072367918, 0.0, 190.47023822788375], [0.0, 0.0, 1.0, -54.60902754213979], [0.0, 0.0, 0.0, 1.0]], [[0.9497008458523456, -0.31315859143146413, 0.0, 126.5861159125049], [0.3131585914314641, 0.9497008458523458, 0.0, 168.98405161752177], [0.0, 0.0, 1.0, -54.43541719235537], [0.0, 0.0, 0.0, 1.0]], [[0.9496672039772349, -0.31326059709139814, 0.0, 126.91271474787256], [0.3132605970913972, 0.949667203977235, 0.0, 167.65383140580164], [0.0, 0.0, 1.0, -54.339337779171494], [0.0, 0.0, 0.0, 1.0]], [[0.9497520015380473, -0.3130034114422281, 0.0, 126.0003818858152], [0.31300341144222815, 0.9497520015380473, 0.0, 170.9846350558471], [0.0, 0.0, 1.0, -54.217869930639694], [0.0, 0.0, 0.0, 1.0]], [[0.9496915924226939, -0.31318665246406685, 0.0, 126.60352150474986], [0.3131866524640671, 0.9496915924226939, 0.0, 169.01884096286133], [0.0, 0.0, 1.0, -53.833458756227905], [0.0, 0.0, 0.0, 1.0]], [[0.949760551798569, -0.31297746603753646, 0.0, 126.06566318787272], [0.3129774660375363, 0.9497605517985694, 0.0, 171.77221475596897], [0.0, 0.0, 1.0, -53.426558681241964], [0.0, 0.0, 0.0, 1.0]]]}