{"M": [[[NaN, NaN, NaN, NaN], [NaN, NaN, NaN, NaN], [NaN, NaN, NaN, NaN], [NaN, NaN, NaN, NaN]], [[NaN, NaN, NaN, NaN], [NaN, NaN, NaN, NaN], [NaN, NaN, NaN, NaN], [NaN, NaN, NaN, NaN]], [[NaN, NaN, NaN, NaN], [NaN, NaN, NaN, NaN], [NaN, NaN, NaN, NaN], [NaN, NaN, NaN, NaN]], [[NaN, NaN, NaN, NaN], [NaN, NaN, NaN, NaN], [NaN, NaN, NaN, NaN], [NaN, NaN, NaN, NaN]], [[0.9613848181949209, -0.27520761498243185, 0.0, -15.608926046632627], [0.27520761498243185, 0.9613848181949206, 0.0, 640.4160575143651], [0.0, 0.0, 1.0, -53.62501387576758], [0.0, 0.0, 0.0, 1.0]], [[0.9520106076060323, -0.3060650306807264, 0.0, 99.65088924352264], [0.30606503068072666, 0.952010607606032, 0.0, 257.9753571966418], [0.0, 0.0, 1.0, -53.21366487278599], [0.0, 0.0, 0.0, 1.0]], [[0.9552016612734489, -0.2959557167895971, 0.0, 60.26698791955369], [0.29595571678959737, 0.9552016612734487, 0.0, 383.4402839567664], [0.0, 0.0, 1.0, -52.87006023415485], [0.0, 0.0, 0.0, 1.0]], [[0.9511585942240501, -0.3087026540762641, 0.0, 110.129690010723], [0.3087026540762639, 0.9511585942240498, 0.0, 226.1038006900776], [0.0, 0.0, 1.0, -52.67229878128798], [0.0, 0.0, 0.0, 1.0]], [[0.9515742808541785, -0.3074189129133971, 0.0, 104.67647657143581], [0.30741891291339696, 0.9515742808541776, 0.0, 242.10601732467939], [0.0, 0.0, 1.0, -52.43740175872636], [0.0, 0.0, 0.0, 1.0]], [[0.9486213871230983, -0.3164134382301886, 0.0, 141.25969063213606], [0.3164134382301883, 0.9486213871230982, 0.0, 130.54895106153558], [0.0, 0.0, 1.0, -52.63979785302694], [0.0, 0.0, 0.0, 1.0]], [[0.9486213871230984, -0.3164134382301885, 0.0, 141.25969063213486], [0.31641343823018847, 0.9486213871230982, 0.0, 130.54895106153344], [0.0, 0.0, 1.0, -52.63979785302694], [0.0, 0.0, 0.0, 1.0]], [[0.9486213871230974, -0.316413438230188, 0.0, 141.25969063214708], [0.3164134382301884, 0.9486213871230978, 0.0, 130.5489510615342], [0.0, 0.0, 1.0, -52.63979785302694], [0.0, 0.0, 0.0, 1.0]], [[0.9488775268856057, -0.31564448192777944, 0.0, 138.57366820771392], [0.31564448192777955, 0.9488775268856056, 0.0, 140.4491045887248], [0.0, 0.0, 1.0, -52.69650104874719], [0.0, 0.0, 0.0, 1.0]], [[0.9472688339429277, -0.32043994170578105, 0.0, 158.24827290784634], [0.32043994170578116, 0.9472688339429283, 0.0, 80.78123719309946], [0.0, 0.0, 1.0, -52.95157523067504], [0.0, 0.0, 0.0, 1.0]], [[0.947998272934363, -0.31827546954401637, 0.0, 149.15611760298833], [0.3182754695440165, 0.9479982729343631, 0.0, 107.61021805698138], [0.0, 0.0, 1.0, -53.27139701240504], [0.0, 0.0, 0.0, 1.0]], [[0.9501985774724236, -0.31164509200271995, 0.0, 121.59726682941962], [0.31164509200272006, 0.9501985774724232, 0.0, 189.13355222963534], [0.0, 0.0, 1.0, -53.13712494582677], [0.0, 0.0, 0.0, 1.0]], [[0.9492837362131249, -0.3144207184033066, 0.0, 132.79138861861537], [0.31442071840330704, 0.9492837362131245, 0.0, 154.88628731934472], [0.0, 0.0, 1.0, -53.192828164424775], [0.0, 0.0, 0.0, 1.0]], [[0.9501482731754202, -0.31179842684299736, 0.0, 122.29699990184005], [0.3117984268429977, 0.95014827317542, 0.0, 186.86716812685827], [0.0, 0.0, 1.0, -53.47685744389795], [0.0, 0.0, 0.0, 1.0]], [[0.9501482731754193, -0.3117984268429973, 0.0, 122.29699990185097], [0.3117984268429974, 0.9501482731754197, 0.0, 186.86716812686177], [0.0, 0.0, 1.0, -53.47685744389795], [0.0, 0.0, 0.0, 1.0]], [[0.9501482731754205, -0.31179842684299747, 0.0, 122.29699990183535], [0.3117984268429979, 0.9501482731754199, 0.0, 186.86716812685552], [0.0, 0.0, 1.0, -53.47685744389795], [0.0, 0.0, 0.0, 1.0]], [[0.9510420200470588, -0.3090616056788889, 0.0, 110.7863160833444], [0.3090616056788895, 0.9510420200470573, 0.0, 220.12285065495294], [0.0, 0.0, 1.0, -53.95450488765145], [0.0, 0.0, 0.0, 1.0]], [[0.9510420200470578, -0.3090616056788889, 0.0, 110.78631608335698], [0.30906160567888913, 0.9510420200470572, 0.0, 220.12285065495794], [0.0, 0.0, 1.0, -53.95450488765145], [0.0, 0.0, 0.0, 1.0]], [[0.9510420200470573, -0.30906160567888885, 0.0, 110.78631608336408], [0.3090616056788888, 0.951042020047057, 0.0, 220.12285065496204], [0.0, 0.0, 1.0, -53.95450488765145], [0.0, 0.0, 0.0, 1.0]], [[0.9511834337542937, -0.3086261093157717, 0.0, 109.63477209051815], [0.30862610931577167, 0.9511834337542938, 0.0, 225.47903259111393], [0.0, 0.0, 1.0, -53.93337886228512], [0.0, 0.0, 0.0, 1.0]], [[0.9522437645884092, -0.3053388491536774, 0.0, 96.48580645750478], [0.305338849153677, 0.95224376458841, 0.0, 266.3135472784788], [0.0, 0.0, 1.0, -53.86093082097968], [0.0, 0.0, 0.0, 1.0]], [[0.9526271013891497, -0.30414076625619707, 0.0, 91.83536284438487], [0.30414076625619724, 0.9526271013891499, 0.0, 281.0443159340528], [0.0, 0.0, 1.0, -53.61302031816663], [0.0, 0.0, 0.0, 1.0]], [[0.9522474112520676, -0.3053274762672622, 0.0, 96.20108550833503], [0.30532747626726225, 0.9522474112520676, 0.0, 266.2955628886985], [0.0, 0.0, 1.0, -53.64269821226086], [0.0, 0.0, 0.0, 1.0]], [[0.949266703817006, -0.31447213711932764, 0.0, 132.19674477316633], [0.31447213711932787, 0.9492667038170058, 0.0, 153.004779395998], [0.0, 0.0, 1.0, -53.91983054901134], [0.0, 0.0, 0.0, 1.0]], [[0.949266703817005, -0.3144721371193276, 0.0, 132.56375862665746], [0.3144721371193271, 0.9492667038170052, 0.0, 152.83177644091677], [0.0, 0.0, 1.0, -54.11103438825747], [0.0, 0.0, 0.0, 1.0]], [[0.9492667038170062, -0.3144721371193275, 0.0, 132.56375862664274], [0.3144721371193278, 0.9492667038170061, 0.0, 152.83177644090793], [0.0, 0.0, 1.0, -54.11103438825747], [0.0, 0.0, 0.0, 1.0]], [[0.9506383093674275, -0.3103011517268955, 0.0, 115.51645128541709], [0.31030115172689476, 0.9506383093674279, 0.0, 206.03058755919642], [0.0, 0.0, 1.0, -54.400000000001455], [0.0, 0.0, 0.0, 1.0]], [[0.9505955192448183, -0.3104322128769404, 0.0, 115.85343063420818], [0.3104322128769404, 0.9505955192448182, 0.0, 203.4554702076876], [0.0, 0.0, 1.0, -54.35003445018566], [0.0, 0.0, 0.0, 1.0]], [[0.9512323003266409, -0.308475462258002, 0.0, 108.08459485016711], [0.3084754622580024, 0.951232300326641, 0.0, 227.6645022249628], [0.0, 0.0, 1.0, -54.5755773155812], [0.0, 0.0, 0.0, 1.0]], [[0.9513703014531314, -0.3080495893731685, 0.0, 106.44240073188622], [0.30804958937316834, 0.9513703014531313, 0.0, 232.59776079793173], [0.0, 0.0, 1.0, -54.538916983800895], [0.0, 0.0, 0.0, 1.0]], [[0.9516712522296538, -0.3071185889516328, 0.0, 102.82472133506161], [0.30711858895163247, 0.9516712522296541, 0.0, 244.10543884719257], [0.0, 0.0, 1.0, -54.625189923765966], [0.0, 0.0, 0.0, 1.0]], [[0.9516721259049414, -0.3071158816726486, 0.0, 102.66132542242603], [0.307115881672648, 0.9516721259049418, 0.0, 243.740657521405], [0.0, 0.0, 1.0, -54.733678437629855], [0.0, 0.0, 0.0, 1.0]], [[0.9516926525939867, -0.30705226753538534, 0.0, 102.34142228219895], [0.3070522675353858, 0.9516926525939866, 0.0, 244.52300143936515], [0.0, 0.0, 1.0, -54.793475102073316], [0.0, 0.0, 0.0, 1.0]], [[0.9524913061011087, -0.3045657758215858, 0.0, 92.42316654794044], [0.3045657758215862, 0.9524913061011085, 0.0, 275.13536834049404], [0.0, 0.0, 1.0, -54.62052782371143], [0.0, 0.0, 0.0, 1.0]], [[0.9518116438605851, -0.30668321540542426, 0.0, 100.94402570481256], [0.3066832154054238, 0.9518116438605853, 0.0, 249.23630689520536], [0.0, 0.0, 1.0, -54.80415003073474], [0.0, 0.0, 0.0, 1.0]], [[0.9515099805742864, -0.30761787475295044, 0.0, 104.40688014773188], [0.30761787475295077, 0.9515099805742863, 0.0, 237.67054742126635], [0.0, 0.0, 1.0, -54.74202678734332], [0.0, 0.0, 0.0, 1.0]], [[0.9500606048354571, -0.31206545329415464, 0.0, 122.02037728540327], [0.3120654532941548, 0.9500606048354572, 0.0, 182.31700654409045], [0.0, 0.0, 1.0, -54.561169744378944], [0.0, 0.0, 0.0, 1.0]], [[0.9501681964817351, -0.3117377076881263, 0.0, 120.75725174705023], [0.3117377076881268, 0.9501681964817352, 0.0, 186.94940772703174], [0.0, 0.0, 1.0, -54.81395067241957], [0.0, 0.0, 0.0, 1.0]], [[0.9495430767630497, -0.31363664545355857, 0.0, 129.02427878685629], [0.31363664545355885, 0.9495430767630498, 0.0, 163.23918366193814], [0.0, 0.0, 1.0, -54.820056261664405], [0.0, 0.0, 0.0, 1.0]], [[0.9496255358241433, -0.3133868882239782, 0.0, 127.5814497708914], [0.3133868882239784, 0.9496255358241438, 0.0, 166.18020700137185], [0.0, 0.0, 1.0, -54.513147212345466], [0.0, 0.0, 0.0, 1.0]], [[0.9491336096631043, -0.314873611164681, 0.0, 133.28654439062828], [0.3148736111646811, 0.9491336096631043, 0.0, 147.59616007654012], [0.0, 0.0, 1.0, -54.37110203428305], [0.0, 0.0, 0.0, 1.0]], [[0.9484118606791397, -0.31704091616561497, 0.0, 142.21929317664905], [0.317040916165615, 0.9484118606791397, 0.0, 120.79591491128733], [0.0, 0.0, 1.0, -54.270850965026995], [0.0, 0.0, 0.0, 1.0]], [[0.9491380180978056, -0.31486032236750533, 0.0, 133.39159142131794], [0.314860322367505, 0.9491380180978056, 0.0, 148.03585388023825], [0.0, 0.0, 1.0, -54.07662038219354], [0.0, 0.0, 0.0, 1.0]], [[0.9494991947895183, -0.31376946807179584, 0.0, 129.36062719214033], [0.3137694680717964, 0.9494991947895187, 0.0, 161.71730568494084], [0.0, 0.0, 1.0, -53.68222387127271], [0.0, 0.0, 0.0, 1.0]], [[0.9492319344069711, -0.31457707275324254, 0.0, 132.44085770766642], [0.3145770727532419, 0.9492319344069704, 0.0, 152.02265224144764], [0.0, 0.0, 1.0, -53.27787143030012], [0.0, 0.0, 0.0, 1.0]], [[0.9491353882729772, -0.31486824979331485, 0.0, 133.3544726749788], [0.31486824979331524, 0.9491353882729773, 0.0, 148.67009490225297], [0.0, 0.0, 1.0, -52.78510905410767], [0.0, 0.0, 0.0, 1.0]], [[0.9491609442810703, -0.31479120358019297, 0.0, 133.76203165288638], [0.3147912035801929, 0.9491609442810702, 0.0, 149.67330296180364], [0.0, 0.0, 1.0, -52.56125116107358], [0.0, 0.0, 0.0, 1.0]], [[0.9508901356850815, -0.30952859295517, 0.0, 113.51008748483638], [0.3095285929551702, 0.9508901356850815, 0.0, 215.19073037223544], [0.0, 0.0, 1.0, -52.305258780253936], [0.0, 0.0, 0.0, 1.0]], [[0.9500559278199558, -0.3120796917682477, 0.0, 123.40780313049287], [0.3120796917682482, 0.9500559278199555, 0.0, 183.6331472530068], [0.0, 0.0, 1.0, -52.157549567275815], [0.0, 0.0, 0.0, 1.0]]]}