{"M": [[[0.9520106076060322, -0.30606503068072627, 0.0, 99.65088924352395], [0.30606503068072644, 0.9520106076060322, 0.0, 257.97535719664455], [0.0, 0.0, 1.0, -53.21366487278599], [0.0, 0.0, 0.0, 1.0]], [[0.9552016612734489, -0.29595571678959665, 0.0, 60.26698791955369], [0.29595571678959687, 0.9552016612734487, 0.0, 383.44028395677265], [0.0, 0.0, 1.0, -52.87006023415485], [0.0, 0.0, 0.0, 1.0]], [[0.9511585942240498, -0.3087026540762643, 0.0, 110.12969001072689], [0.3087026540762641, 0.9511585942240495, 0.0, 226.10380069007485], [0.0, 0.0, 1.0, -52.67229878128798], [0.0, 0.0, 0.0, 1.0]], [[0.9515742808541771, -0.3074189129133969, 0.0, 104.67647657145378], [0.3074189129133971, 0.9515742808541777, 0.0, 242.10601732467728], [0.0, 0.0, 1.0, -52.43740175872636], [0.0, 0.0, 0.0, 1.0]], [[0.9486213871230975, -0.3164134382301881, 0.0, 141.25969063214578], [0.3164134382301884, 0.948621387123098, 0.0, 130.5489510615342], [0.0, 0.0, 1.0, -52.63979785302694], [0.0, 0.0, 0.0, 1.0]], [[0.9486213871230974, -0.31641343823018786, 0.0, 141.25969063214708], [0.3164134382301882, 0.948621387123098, 0.0, 130.54895106153694], [0.0, 0.0, 1.0, -52.63979785302694], [0.0, 0.0, 0.0, 1.0]], [[0.9486213871230976, -0.3164134382301879, 0.0, 141.25969063214413], [0.3164134382301881, 0.9486213871230978, 0.0, 130.5489510615383], [0.0, 0.0, 1.0, -52.63979785302694], [0.0, 0.0, 0.0, 1.0]], [[0.9488775268856057, -0.31564448192777994, 0.0, 138.57366820771392], [0.3156444819277801, 0.9488775268856057, 0.0, 140.44910458871797], [0.0, 0.0, 1.0, -52.69650104874719], [0.0, 0.0, 0.0, 1.0]], [[0.9472688339429288, -0.3204399417057814, 0.0, 158.24827290783242], [0.3204399417057814, 0.9472688339429286, 0.0, 80.78123719309673], [0.0, 0.0, 1.0, -52.95157523067504], [0.0, 0.0, 0.0, 1.0]], [[0.9479982729343627, -0.3182754695440164, 0.0, 149.15611760299197], [0.3182754695440165, 0.9479982729343632, 0.0, 107.61021805698138], [0.0, 0.0, 1.0, -53.27139701240504], [0.0, 0.0, 0.0, 1.0]], [[0.9479982729343642, -0.3182754695440166, 0.0, 149.15611760297352], [0.3182754695440166, 0.9479982729343636, 0.0, 107.61021805698002], [0.0, 0.0, 1.0, -53.27139701240504], [0.0, 0.0, 0.0, 1.0]], [[0.9492837362131242, -0.3144207184033065, 0.0, 132.79138861862418], [0.31442071840330654, 0.9492837362131242, 0.0, 154.8862873193509], [0.0, 0.0, 1.0, -53.192828164424775], [0.0, 0.0, 0.0, 1.0]], [[0.9501482731754203, -0.3117984268429973, 0.0, 122.29699990183862], [0.3117984268429975, 0.95014827317542, 0.0, 186.8671681268604], [0.0, 0.0, 1.0, -53.47685744389795], [0.0, 0.0, 0.0, 1.0]], [[0.9501482731754195, -0.31179842684299747, 0.0, 122.29699990184808], [0.31179842684299747, 0.9501482731754197, 0.0, 186.867168126861], [0.0, 0.0, 1.0, -53.47685744389795], [0.0, 0.0, 0.0, 1.0]], [[0.9501482731754204, -0.3117984268429972, 0.0, 122.29699990183713], [0.3117984268429976, 0.9501482731754199, 0.0, 186.86716812685964], [0.0, 0.0, 1.0, -53.47685744389795], [0.0, 0.0, 0.0, 1.0]], [[0.9501482731754195, -0.3117984268429975, 0.0, 122.29699990184808], [0.3117984268429973, 0.9501482731754197, 0.0, 186.86716812686313], [0.0, 0.0, 1.0, -53.47685744389795], [0.0, 0.0, 0.0, 1.0]], [[0.9510420200470572, -0.30906160567888896, 0.0, 110.7863160833659], [0.3090616056788891, 0.9510420200470574, 0.0, 220.1228506549584], [0.0, 0.0, 1.0, -53.95450488765145], [0.0, 0.0, 0.0, 1.0]], [[0.9510420200470571, -0.30906160567888885, 0.0, 110.78631608336772], [0.30906160567888885, 0.9510420200470572, 0.0, 220.12285065496113], [0.0, 0.0, 1.0, -53.95450488765145], [0.0, 0.0, 0.0, 1.0]], [[0.9511834337542937, -0.3086261093157717, 0.0, 109.63477209051815], [0.3086261093157716, 0.9511834337542938, 0.0, 225.47903259111467], [0.0, 0.0, 1.0, -53.93337886228512], [0.0, 0.0, 0.0, 1.0]], [[0.9522437645884104, -0.3053388491536775, 0.0, 96.48580645748946], [0.30533884915367765, 0.9522437645884103, 0.0, 266.31354727847054], [0.0, 0.0, 1.0, -53.86093082097968], [0.0, 0.0, 0.0, 1.0]], [[0.9522437645884103, -0.3053388491536774, 0.0, 96.485806457491], [0.3053388491536775, 0.9522437645884103, 0.0, 266.3135472784726], [0.0, 0.0, 1.0, -53.86093082097968], [0.0, 0.0, 0.0, 1.0]], [[0.9522474112520676, -0.30532747626726225, 0.0, 96.20108550833503], [0.3053274762672621, 0.9522474112520676, 0.0, 266.29556288870054], [0.0, 0.0, 1.0, -53.64269821226086], [0.0, 0.0, 0.0, 1.0]], [[0.949266703817005, -0.31447213711932787, 0.0, 132.19674477317787], [0.3144721371193276, 0.9492667038170055, 0.0, 153.0047793960014], [0.0, 0.0, 1.0, -53.91983054901134], [0.0, 0.0, 0.0, 1.0]], [[0.9492667038170054, -0.31447213711932787, 0.0, 132.563758626652], [0.3144721371193275, 0.9492667038170051, 0.0, 152.8317764409119], [0.0, 0.0, 1.0, -54.11103438825747], [0.0, 0.0, 0.0, 1.0]], [[0.9492667038170045, -0.3144721371193278, 0.0, 132.56375862666292], [0.31447213711932687, 0.9492667038170048, 0.0, 152.8317764409195], [0.0, 0.0, 1.0, -54.11103438825747], [0.0, 0.0, 0.0, 1.0]], [[0.9492667038170046, -0.31447213711932787, 0.0, 132.56375862666192], [0.31447213711932687, 0.9492667038170051, 0.0, 152.8317764409195], [0.0, 0.0, 1.0, -54.11103438825747], [0.0, 0.0, 0.0, 1.0]], [[0.9506383093674279, -0.31030115172689543, 0.0, 115.51645128541254], [0.3103011517268949, 0.9506383093674279, 0.0, 206.03058755919506], [0.0, 0.0, 1.0, -54.400000000001455], [0.0, 0.0, 0.0, 1.0]], [[0.9505955192448191, -0.3104322128769404, 0.0, 115.85343063419835], [0.3104322128769408, 0.9505955192448188, 0.0, 203.45547020768288], [0.0, 0.0, 1.0, -54.35003445018566], [0.0, 0.0, 0.0, 1.0]], [[0.9513703014531312, -0.3080495893731686, 0.0, 106.4424007318889], [0.3080495893731682, 0.9513703014531312, 0.0, 232.59776079793363], [0.0, 0.0, 1.0, -54.538916983800895], [0.0, 0.0, 0.0, 1.0]], [[0.9513703014531312, -0.3080495893731687, 0.0, 106.4424007318889], [0.3080495893731684, 0.9513703014531314, 0.0, 232.59776079793087], [0.0, 0.0, 1.0, -54.538916983800895], [0.0, 0.0, 0.0, 1.0]], [[0.9516721259049415, -0.30711588167264864, 0.0, 102.66132542242487], [0.30711588167264836, 0.9516721259049418, 0.0, 243.7406575214002], [0.0, 0.0, 1.0, -54.733678437629855], [0.0, 0.0, 0.0, 1.0]], [[0.9516926525939864, -0.3070522675353854, 0.0, 102.34142228220344], [0.3070522675353852, 0.9516926525939864, 0.0, 244.52300143937208], [0.0, 0.0, 1.0, -54.793475102073316], [0.0, 0.0, 0.0, 1.0]], [[0.9524913061011085, -0.30456577582158617, 0.0, 92.42316654794162], [0.30456577582158645, 0.9524913061011085, 0.0, 275.13536834049125], [0.0, 0.0, 1.0, -54.62052782371143], [0.0, 0.0, 0.0, 1.0]], [[0.9524913061011083, -0.30456577582158606, 0.0, 92.4231665479444], [0.30456577582158634, 0.9524913061011083, 0.0, 275.1353683404926], [0.0, 0.0, 1.0, -54.62052782371143], [0.0, 0.0, 0.0, 1.0]], [[0.951509980574286, -0.3076178747529504, 0.0, 104.40688014773643], [0.3076178747529503, 0.9515099805742857, 0.0, 237.6705474212718], [0.0, 0.0, 1.0, -54.74202678734332], [0.0, 0.0, 0.0, 1.0]], [[0.9500606048354564, -0.3120654532941547, 0.0, 122.02037728541059], [0.3120654532941546, 0.9500606048354565, 0.0, 182.317006544093], [0.0, 0.0, 1.0, -54.561169744378944], [0.0, 0.0, 0.0, 1.0]], [[0.9500606048354568, -0.31206545329415447, 0.0, 122.02037728540513], [0.3120654532941546, 0.9500606048354571, 0.0, 182.31700654409318], [0.0, 0.0, 1.0, -54.561169744378944], [0.0, 0.0, 0.0, 1.0]], [[0.9501681964817347, -0.31173770768812636, 0.0, 120.75725174705573], [0.31173770768812653, 0.9501681964817348, 0.0, 186.9494077270351], [0.0, 0.0, 1.0, -54.81395067241957], [0.0, 0.0, 0.0, 1.0]], [[0.9496255358241436, -0.31338688822397837, 0.0, 127.58144977088872], [0.3133868882239786, 0.9496255358241438, 0.0, 166.18020700136978], [0.0, 0.0, 1.0, -54.513147212345466], [0.0, 0.0, 0.0, 1.0]], [[0.9491336096631043, -0.3148736111646808, 0.0, 133.28654439062842], [0.31487361116468093, 0.9491336096631044, 0.0, 147.5961600765421], [0.0, 0.0, 1.0, -54.37110203428305], [0.0, 0.0, 0.0, 1.0]], [[0.9484118606791393, -0.31704091616561486, 0.0, 142.2192931766545], [0.31704091616561453, 0.9484118606791385, 0.0, 120.7959149112931], [0.0, 0.0, 1.0, -54.270850965026995], [0.0, 0.0, 0.0, 1.0]], [[0.9491380180978063, -0.31486032236750516, 0.0, 133.39159142130939], [0.31486032236750555, 0.9491380180978066, 0.0, 148.0358538802314], [0.0, 0.0, 1.0, -54.07662038219354], [0.0, 0.0, 0.0, 1.0]], [[0.9491380180978057, -0.3148603223675052, 0.0, 133.39159142131618], [0.31486032236750516, 0.9491380180978058, 0.0, 148.0358538802361], [0.0, 0.0, 1.0, -54.07662038219354], [0.0, 0.0, 0.0, 1.0]]]}