{
    "short_causal": [[[0.9520106076060322, -0.30606503068072627, 0.0, 99.65088924352395], [0.30606503068072644, 0.9520106076060322, 0.0, 257.97535719664455], [0.0, 0.0, 1.0, -53.21366487278599], [0.0, 0.0, 0.0, 1.0]], [[0.9552016612734489, -0.29595571678959665, 0.0, 60.26698791955369], [0.29595571678959687, 0.9552016612734487, 0.0, 383.44028395677265], [0.0, 0.0, 1.0, -52.87006023415485], [0.0, 0.0, 0.0, 1.0]], [[0.9511585942240498, -0.3087026540762643, 0.0, 110.12969001072689], [0.3087026540762641, 0.9511585942240495, 0.0, 226.10380069007485], [0.0, 0.0, 1.0, -52.67229878128798], [0.0, 0.0, 0.0, 1.0]], [[0.9515742808541771, -0.3074189129133969, 0.0, 104.67647657145378], [0.3074189129133971, 0.9515742808541777, 0.0, 242.10601732467728], [0.0, 0.0, 1.0, -52.43740175872636], [0.0, 0.0, 0.0, 1.0]], [[0.9486213871230975, -0.3164134382301881, 0.0, 141.25969063214578], [0.3164134382301884, 0.948621387123098, 0.0, 130.5489510615342], [0.0, 0.0, 1.0, -52.63979785302694], [0.0, 0.0, 0.0, 1.0]], [[0.9486213871230974, -0.31641343823018786, 0.0, 141.25969063214708], [0.3164134382301882, 0.948621387123098, 0.0, 130.54895106153694], [0.0, 0.0, 1.0, -52.63979785302694], [0.0, 0.0, 0.0, 1.0]], [[0.9486213871230976, -0.3164134382301879, 0.0, 141.25969063214413], [0.3164134382301881, 0.9486213871230978, 0.0, 130.5489510615383], [0.0, 0.0, 1.0, -52.63979785302694], [0.0, 0.0, 0.0, 1.0]], [[0.9488775268856057, -0.31564448192777994, 0.0, 138.57366820771392], [0.3156444819277801, 0.9488775268856057, 0.0, 140.44910458871797], [0.0, 0.0, 1.0, -52.69650104874719], [0.0, 0.0, 0.0, 1.0]], [[0.9472688339429288, -0.3204399417057814, 0.0, 158.24827290783242], [0.3204399417057814, 0.9472688339429286, 0.0, 80.78123719309673], [0.0, 0.0, 1.0, -52.95157523067504], [0.0, 0.0, 0.0, 1.0]], [[0.9479982729343627, -0.3182754695440164, 0.0, 149.15611760299197], [0.3182754695440165, 0.9479982729343632, 0.0, 107.61021805698138], [0.0, 0.0, 1.0, -53.27139701240504], [0.0, 0.0, 0.0, 1.0]], [[0.9479982729343642, -0.3182754695440166, 0.0, 149.15611760297352], [0.3182754695440166, 0.9479982729343636, 0.0, 107.61021805698002], [0.0, 0.0, 1.0, -53.27139701240504], [0.0, 0.0, 0.0, 1.0]], [[0.9492837362131242, -0.3144207184033065, 0.0, 132.79138861862418], [0.31442071840330654, 0.9492837362131242, 0.0, 154.8862873193509], [0.0, 0.0, 1.0, -53.192828164424775], [0.0, 0.0, 0.0, 1.0]], [[0.9501482731754203, -0.3117984268429973, 0.0, 122.29699990183862], [0.3117984268429975, 0.95014827317542, 0.0, 186.8671681268604], [0.0, 0.0, 1.0, -53.47685744389795], [0.0, 0.0, 0.0, 1.0]], [[0.9501482731754195, -0.31179842684299747, 0.0, 122.29699990184808], [0.31179842684299747, 0.9501482731754197, 0.0, 186.867168126861], [0.0, 0.0, 1.0, -53.47685744389795], [0.0, 0.0, 0.0, 1.0]], [[0.9501482731754204, -0.3117984268429972, 0.0, 122.29699990183713], [0.3117984268429976, 0.9501482731754199, 0.0, 186.86716812685964], [0.0, 0.0, 1.0, -53.47685744389795], [0.0, 0.0, 0.0, 1.0]], [[0.9501482731754195, -0.3117984268429975, 0.0, 122.29699990184808], [0.3117984268429973, 0.9501482731754197, 0.0, 186.86716812686313], [0.0, 0.0, 1.0, -53.47685744389795], [0.0, 0.0, 0.0, 1.0]], [[0.9510420200470572, -0.30906160567888896, 0.0, 110.7863160833659], [0.3090616056788891, 0.9510420200470574, 0.0, 220.1228506549584], [0.0, 0.0, 1.0, -53.95450488765145], [0.0, 0.0, 0.0, 1.0]], [[0.9510420200470571, -0.30906160567888885, 0.0, 110.78631608336772], [0.30906160567888885, 0.9510420200470572, 0.0, 220.12285065496113], [0.0, 0.0, 1.0, -53.95450488765145], [0.0, 0.0, 0.0, 1.0]], [[0.9511834337542937, -0.3086261093157717, 0.0, 109.63477209051815], [0.3086261093157716, 0.9511834337542938, 0.0, 225.47903259111467], [0.0, 0.0, 1.0, -53.93337886228512], [0.0, 0.0, 0.0, 1.0]], [[0.9522437645884104, -0.3053388491536775, 0.0, 96.48580645748946], [0.30533884915367765, 0.9522437645884103, 0.0, 266.31354727847054], [0.0, 0.0, 1.0, -53.86093082097968], [0.0, 0.0, 0.0, 1.0]], [[0.9522437645884103, -0.3053388491536774, 0.0, 96.485806457491], [0.3053388491536775, 0.9522437645884103, 0.0, 266.3135472784726], [0.0, 0.0, 1.0, -53.86093082097968], [0.0, 0.0, 0.0, 1.0]], [[0.9522474112520676, -0.30532747626726225, 0.0, 96.20108550833503], [0.3053274762672621, 0.9522474112520676, 0.0, 266.29556288870054], [0.0, 0.0, 1.0, -53.64269821226086], [0.0, 0.0, 0.0, 1.0]], [[0.949266703817005, -0.31447213711932787, 0.0, 132.19674477317787], [0.3144721371193276, 0.9492667038170055, 0.0, 153.0047793960014], [0.0, 0.0, 1.0, -53.91983054901134], [0.0, 0.0, 0.0, 1.0]], [[0.9492667038170054, -0.31447213711932787, 0.0, 132.563758626652], [0.3144721371193275, 0.9492667038170051, 0.0, 152.8317764409119], [0.0, 0.0, 1.0, -54.11103438825747], [0.0, 0.0, 0.0, 1.0]], [[0.9492667038170045, -0.3144721371193278, 0.0, 132.56375862666292], [0.31447213711932687, 0.9492667038170048, 0.0, 152.8317764409195], [0.0, 0.0, 1.0, -54.11103438825747], [0.0, 0.0, 0.0, 1.0]], [[0.9492667038170046, -0.31447213711932787, 0.0, 132.56375862666192], [0.31447213711932687, 0.9492667038170051, 0.0, 152.8317764409195], [0.0, 0.0, 1.0, -54.11103438825747], [0.0, 0.0, 0.0, 1.0]], [[0.9506383093674279, -0.31030115172689543, 0.0, 115.51645128541254], [0.3103011517268949, 0.9506383093674279, 0.0, 206.03058755919506], [0.0, 0.0, 1.0, -54.400000000001455], [0.0, 0.0, 0.0, 1.0]], [[0.9505955192448191, -0.3104322128769404, 0.0, 115.85343063419835], [0.3104322128769408, 0.9505955192448188, 0.0, 203.45547020768288], [0.0, 0.0, 1.0, -54.35003445018566], [0.0, 0.0, 0.0, 1.0]], [[0.9513703014531312, -0.3080495893731686, 0.0, 106.4424007318889], [0.3080495893731682, 0.9513703014531312, 0.0, 232.59776079793363], [0.0, 0.0, 1.0, -54.538916983800895], [0.0, 0.0, 0.0, 1.0]], [[0.9513703014531312, -0.3080495893731687, 0.0, 106.4424007318889], [0.3080495893731684, 0.9513703014531314, 0.0, 232.59776079793087], [0.0, 0.0, 1.0, -54.538916983800895], [0.0, 0.0, 0.0, 1.0]], [[0.9516721259049415, -0.30711588167264864, 0.0, 102.66132542242487], [0.30711588167264836, 0.9516721259049418, 0.0, 243.7406575214002], [0.0, 0.0, 1.0, -54.733678437629855], [0.0, 0.0, 0.0, 1.0]], [[0.9516926525939864, -0.3070522675353854, 0.0, 102.34142228220344], [0.3070522675353852, 0.9516926525939864, 0.0, 244.52300143937208], [0.0, 0.0, 1.0, -54.793475102073316], [0.0, 0.0, 0.0, 1.0]], [[0.9524913061011085, -0.30456577582158617, 0.0, 92.42316654794162], [0.30456577582158645, 0.9524913061011085, 0.0, 275.13536834049125], [0.0, 0.0, 1.0, -54.62052782371143], [0.0, 0.0, 0.0, 1.0]], [[0.9524913061011083, -0.30456577582158606, 0.0, 92.4231665479444], [0.30456577582158634, 0.9524913061011083, 0.0, 275.1353683404926], [0.0, 0.0, 1.0, -54.62052782371143], [0.0, 0.0, 0.0, 1.0]], [[0.951509980574286, -0.3076178747529504, 0.0, 104.40688014773643], [0.3076178747529503, 0.9515099805742857, 0.0, 237.6705474212718], [0.0, 0.0, 1.0, -54.74202678734332], [0.0, 0.0, 0.0, 1.0]], [[0.9500606048354564, -0.3120654532941547, 0.0, 122.02037728541059], [0.3120654532941546, 0.9500606048354565, 0.0, 182.317006544093], [0.0, 0.0, 1.0, -54.561169744378944], [0.0, 0.0, 0.0, 1.0]], [[0.9500606048354568, -0.31206545329415447, 0.0, 122.02037728540513], [0.3120654532941546, 0.9500606048354571, 0.0, 182.31700654409318], [0.0, 0.0, 1.0, -54.561169744378944], [0.0, 0.0, 0.0, 1.0]], [[0.9501681964817347, -0.31173770768812636, 0.0, 120.75725174705573], [0.31173770768812653, 0.9501681964817348, 0.0, 186.9494077270351], [0.0, 0.0, 1.0, -54.81395067241957], [0.0, 0.0, 0.0, 1.0]], [[0.9496255358241436, -0.31338688822397837, 0.0, 127.58144977088872], [0.3133868882239786, 0.9496255358241438, 0.0, 166.18020700136978], [0.0, 0.0, 1.0, -54.513147212345466], [0.0, 0.0, 0.0, 1.0]], [[0.9491336096631043, -0.3148736111646808, 0.0, 133.28654439062842], [0.31487361116468093, 0.9491336096631044, 0.0, 147.5961600765421], [0.0, 0.0, 1.0, -54.37110203428305], [0.0, 0.0, 0.0, 1.0]], [[0.9484118606791393, -0.31704091616561486, 0.0, 142.2192931766545], [0.31704091616561453, 0.9484118606791385, 0.0, 120.7959149112931], [0.0, 0.0, 1.0, -54.270850965026995], [0.0, 0.0, 0.0, 1.0]], [[0.9491380180978063, -0.31486032236750516, 0.0, 133.39159142130939], [0.31486032236750555, 0.9491380180978066, 0.0, 148.0358538802314], [0.0, 0.0, 1.0, -54.07662038219354], [0.0, 0.0, 0.0, 1.0]], [[0.9491380180978057, -0.3148603223675052, 0.0, 133.39159142131618], [0.31486032236750516, 0.9491380180978058, 0.0, 148.0358538802361], [0.0, 0.0, 1.0, -54.07662038219354], [0.0, 0.0, 0.0, 1.0]]],
    "short_acausal": [[[0.9497629660016141, -0.31297013980860455, 0.0, 127.2799203231536], [0.3129701398086048, 0.9497629660016139, 0.0, 172.83563567435255], [0.0, 0.0, 1.0, -52.882802662550375], [0.0, 0.0, 0.0, 1.0]], [[0.949917631931277, -0.31250038807348246, 0.0, 125.31631948430062], [0.3125003880734832, 0.9499176319312764, 0.0, 178.9073335203933], [0.0, 0.0, 1.0, -52.73889042600785], [0.0, 0.0, 0.0, 1.0]], [[0.9501313643662676, -0.31184994860909526, 0.0, 122.68317301593055], [0.31184994860909565, 0.9501313643662674, 0.0, 187.39069169598267], [0.0, 0.0, 1.0, -52.518411509905384], [0.0, 0.0, 0.0, 1.0]], [[0.9500870332841825, -0.31198498230725696, 0.0, 123.16429136202798], [0.3119849823072567, 0.950087033284183, 0.0, 185.60978089705355], [0.0, 0.0, 1.0, -52.56719725446565], [0.0, 0.0, 0.0, 1.0]], [[0.9508928495534599, -0.3095202556668955, 0.0, 113.50140642510095], [0.3095202556668952, 0.9508928495534602, 0.0, 215.8716270991647], [0.0, 0.0, 1.0, -52.63282893395676], [0.0, 0.0, 0.0, 1.0]], [[0.9528204722536547, -0.30353442581414586, 0.0, 89.93318566268094], [0.3035344258141459, 0.9528204722536543, 0.0, 289.9576872205073], [0.0, 0.0, 1.0, -52.64799745147313], [0.0, 0.0, 0.0, 1.0]], [[0.9527951273959954, -0.3036139740039161, 0.0, 90.09963733488391], [0.3036139740039165, 0.9527951273959949, 0.0, 288.84951981867675], [0.0, 0.0, 1.0, -52.85329996872574], [0.0, 0.0, 0.0, 1.0]], [[0.9531022183235596, -0.3026485774404178, 0.0, 86.30464118510977], [0.3026485774404175, 0.95310221832356, 0.0, 300.75913474886244], [0.0, 0.0, 1.0, -52.94628781589661], [0.0, 0.0, 0.0, 1.0]], [[0.9532721889835789, -0.3021127830967361, 0.0, 83.8833043364968], [0.30211278309673606, 0.953272188983579, 0.0, 307.2418485175142], [0.0, 0.0, 1.0, -53.17279939860561], [0.0, 0.0, 0.0, 1.0]], [[0.9531583362986863, -0.30247179363424637, 0.0, 85.44875313069222], [0.3024717936342459, 0.953158336298687, 0.0, 302.72683240797153], [0.0, 0.0, 1.0, -53.21155022037145], [0.0, 0.0, 0.0, 1.0]], [[0.9531663161501057, -0.30244664613256245, 0.0, 85.34474935066376], [0.3024466461325622, 0.9531663161501063, 0.0, 302.84365993328504], [0.0, 0.0, 1.0, -53.21402726416562], [0.0, 0.0, 0.0, 1.0]], [[0.9531992546799052, -0.3023428201192716, 0.0, 84.9286376019948], [0.3023428201192719, 0.9531992546799051, 0.0, 303.91429684967824], [0.0, 0.0, 1.0, -53.27758035674312], [0.0, 0.0, 0.0, 1.0]], [[0.953137917133958, -0.30253613159677367, 0.0, 85.57113420767975], [0.30253613159677367, 0.953137917133958, 0.0, 301.4158397247049], [0.0, 0.0, 1.0, -53.47207400282326], [0.0, 0.0, 0.0, 1.0]], [[0.9530126019638919, -0.3029306529521435, 0.0, 87.10591553095927], [0.3029306529521433, 0.9530126019638921, 0.0, 296.4950189124116], [0.0, 0.0, 1.0, -53.47873923623554], [0.0, 0.0, 0.0, 1.0]], [[0.9529475879803522, -0.303135109418932, 0.0, 87.6572723444274], [0.30313510941893174, 0.9529475879803526, 0.0, 293.65505466369274], [0.0, 0.0, 1.0, -53.8206144977806], [0.0, 0.0, 0.0, 1.0]], [[0.9529184353317572, -0.30322673959411256, 0.0, 87.69815567384231], [0.30322673959411284, 0.9529184353317572, 0.0, 292.4071999492085], [0.0, 0.0, 1.0, -53.9438268683051], [0.0, 0.0, 0.0, 1.0]], [[0.9528366760357789, -0.3034835560637302, 0.0, 88.83018270282072], [0.30348355606372995, 0.9528366760357793, 0.0, 289.2231508574162], [0.0, 0.0, 1.0, -53.93947184120726], [0.0, 0.0, 0.0, 1.0]], [[0.9527754800340132, -0.30367562405625376, 0.0, 89.83356659549709], [0.30367562405625326, 0.9527754800340132, 0.0, 286.77483456695626], [0.0, 0.0, 1.0, -53.88069742654153], [0.0, 0.0, 0.0, 1.0]], [[0.9526741446925281, -0.3039933782738694, 0.0, 91.18318562439998], [0.30399337827386913, 0.9526741446925281, 0.0, 282.846555974535], [0.0, 0.0, 1.0, -53.84701875612252], [0.0, 0.0, 0.0, 1.0]], [[0.9525277179198757, -0.3044518789469897, 0.0, 92.8642498057919], [0.30445187894698966, 0.9525277179198763, 0.0, 277.1230365431624], [0.0, 0.0, 1.0, -53.802362964497135], [0.0, 0.0, 0.0, 1.0]], [[0.9524014055392401, -0.3048467856594173, 0.0, 94.40373288140664], [0.30484678565941675, 0.9524014055392406, 0.0, 272.4361692360895], [0.0, 0.0, 1.0, -53.63332212936763], [0.0, 0.0, 0.0, 1.0]], [[0.9522779872635221, -0.30523210016860103, 0.0, 95.6987945924198], [0.3052321001686007, 0.9522779872635221, 0.0, 267.24384602291286], [0.0, 0.0, 1.0, -53.83694939128002], [0.0, 0.0, 0.0, 1.0]], [[0.952101323634395, -0.3057827162114157, 0.0, 97.72185408903762], [0.30578271621141506, 0.9521013236343956, 0.0, 260.280658563008], [0.0, 0.0, 1.0, -54.005862016297954], [0.0, 0.0, 0.0, 1.0]], [[0.9519614228223403, -0.3062179770328076, 0.0, 99.56570113242091], [0.30621797703280745, 0.9519614228223405, 0.0, 255.0774490165103], [0.0, 0.0, 1.0, -54.14545553629375], [0.0, 0.0, 0.0, 1.0]], [[0.9517850685436641, -0.3067656814204176, 0.0, 101.65069383025745], [0.306765681420418, 0.951785068543664, 0.0, 248.7665206707463], [0.0, 0.0, 1.0, -54.34041606617888], [0.0, 0.0, 0.0, 1.0]], [[0.951294725728414, -0.3082828973545301, 0.0, 107.41893632078242], [0.3082828973545311, 0.9512947257284137, 0.0, 230.5131386575615], [0.0, 0.0, 1.0, -54.34347214750673], [0.0, 0.0, 0.0, 1.0]], [[0.9512692367507549, -0.308361539773745, 0.0, 107.66001815412616], [0.3083615397737444, 0.9512692367507551, 0.0, 228.9461334789841], [0.0, 0.0, 1.0, -54.47392230535466], [0.0, 0.0, 0.0, 1.0]], [[0.9513776206666527, -0.30802698403655976, 0.0, 106.34135611633491], [0.30802698403655987, 0.9513776206666524, 0.0, 233.25002122673018], [0.0, 0.0, 1.0, -54.55467848861551], [0.0, 0.0, 0.0, 1.0]], [[0.9517712630505176, -0.30680851166683987, 0.0, 101.47008867169679], [0.3068085116668396, 0.951771263050518, 0.0, 248.0660166393763], [0.0, 0.0, 1.0, -54.603179194884305], [0.0, 0.0, 0.0, 1.0]], [[0.9506105786417778, -0.310386094685867, 0.0, 115.5671924513915], [0.3103860946858668, 0.9506105786417779, 0.0, 203.1961717465256], [0.0, 0.0, 1.0, -54.72646664440953], [0.0, 0.0, 0.0, 1.0]], [[0.9503143484018964, -0.3112918874970558, 0.0, 119.0714315654125], [0.31129188749705605, 0.9503143484018962, 0.0, 191.94527794679354], [0.0, 0.0, 1.0, -54.72001608074077], [0.0, 0.0, 0.0, 1.0]], [[0.9500356637477466, -0.3121413743920833, 0.0, 122.45181958079785], [0.3121413743920838, 0.9500356637477466, 0.0, 181.38251130175925], [0.0, 0.0, 1.0, -54.74134747486604], [0.0, 0.0, 0.0, 1.0]], [[0.9501348095023198, -0.31183945191715223, 0.0, 121.22073403252308], [0.31183945191715184, 0.95013480950232, 0.0, 185.16180152069583], [0.0, 0.0, 1.0, -54.71595457636049], [0.0, 0.0, 0.0, 1.0]], [[0.9500994880574116, -0.31194705126518635, 0.0, 121.75981091275783], [0.31194705126518657, 0.9500994880574115, 0.0, 183.91370218284746], [0.0, 0.0, 1.0, -54.77046531812122], [0.0, 0.0, 0.0, 1.0]], [[0.9502415293653813, -0.3115141021997894, 0.0, 119.91439869817256], [0.31151410219978937, 0.9502415293653814, 0.0, 189.3758956827274], [0.0, 0.0, 1.0, -54.69794169418869], [0.0, 0.0, 0.0, 1.0]], [[0.9502174875676672, -0.3115874296575369, 0.0, 120.26213383911482], [0.31158742965753705, 0.9502174875676671, 0.0, 188.49393108184972], [0.0, 0.0, 1.0, -54.63628444924271], [0.0, 0.0, 0.0, 1.0]], [[0.9501936485348607, -0.31166011981646113, 0.0, 120.68425810425376], [0.3116601198164615, 0.9501936485348602, 0.0, 187.66146856538654], [0.0, 0.0, 1.0, -54.646803862975396], [0.0, 0.0, 0.0, 1.0]], [[0.9502668072367917, -0.31143698409789855, 0.0, 119.92306404498335], [0.31143698409789866, 0.9502668072367918, 0.0, 190.47023822788375], [0.0, 0.0, 1.0, -54.60902754213979], [0.0, 0.0, 0.0, 1.0]], [[0.9497008458523456, -0.31315859143146413, 0.0, 126.5861159125049], [0.3131585914314641, 0.9497008458523458, 0.0, 168.98405161752177], [0.0, 0.0, 1.0, -54.43541719235537], [0.0, 0.0, 0.0, 1.0]], [[0.9496672039772349, -0.31326059709139814, 0.0, 126.91271474787256], [0.3132605970913972, 0.949667203977235, 0.0, 167.65383140580164], [0.0, 0.0, 1.0, -54.339337779171494], [0.0, 0.0, 0.0, 1.0]], [[0.9497520015380473, -0.3130034114422281, 0.0, 126.0003818858152], [0.31300341144222815, 0.9497520015380473, 0.0, 170.9846350558471], [0.0, 0.0, 1.0, -54.217869930639694], [0.0, 0.0, 0.0, 1.0]], [[0.9496915924226939, -0.31318665246406685, 0.0, 126.60352150474986], [0.3131866524640671, 0.9496915924226939, 0.0, 169.01884096286133], [0.0, 0.0, 1.0, -53.833458756227905], [0.0, 0.0, 0.0, 1.0]], [[0.949760551798569, -0.31297746603753646, 0.0, 126.06566318787272], [0.3129774660375363, 0.9497605517985694, 0.0, 171.77221475596897], [0.0, 0.0, 1.0, -53.426558681241964], [0.0, 0.0, 0.0, 1.0]]],
    "inf_weekly": [[[0.9530416740423122, -0.30283917768120366, 0.0, 86.51389127229476], [0.30283917768120394, 0.9530416740423119, 0.0, 297.5848898679962], [0.0, 0.0, 1.0, -53.71111111111132], [0.0, 0.0, 0.0, 1.0]], [[0.9530416740423122, -0.30283917768120366, 0.0, 86.51389127229476], [0.30283917768120394, 0.9530416740423119, 0.0, 297.5848898679962], [0.0, 0.0, 1.0, -53.71111111111132], [0.0, 0.0, 0.0, 1.0]], [[0.9530416740423122, -0.30283917768120366, 0.0, 86.51389127229476], [0.30283917768120394, 0.9530416740423119, 0.0, 297.5848898679962], [0.0, 0.0, 1.0, -53.71111111111132], [0.0, 0.0, 0.0, 1.0]], [[0.9530416740423122, -0.30283917768120366, 0.0, 86.51389127229476], [0.30283917768120394, 0.9530416740423119, 0.0, 297.5848898679962], [0.0, 0.0, 1.0, -53.71111111111132], [0.0, 0.0, 0.0, 1.0]], [[0.9530416740423122, -0.30283917768120366, 0.0, 86.51389127229476], [0.30283917768120394, 0.9530416740423119, 0.0, 297.5848898679962], [0.0, 0.0, 1.0, -53.71111111111132], [0.0, 0.0, 0.0, 1.0]], [[0.9530416740423122, -0.30283917768120366, 0.0, 86.51389127229476], [0.30283917768120394, 0.9530416740423119, 0.0, 297.5848898679962], [0.0, 0.0, 1.0, -53.71111111111132], [0.0, 0.0, 0.0, 1.0]], [[0.9530416740423122, -0.30283917768120366, 0.0, 86.51389127229476], [0.30283917768120394, 0.9530416740423119, 0.0, 297.5848898679962], [0.0, 0.0, 1.0, -53.71111111111132], [0.0, 0.0, 0.0, 1.0]], [[0.9530416740423122, -0.30283917768120366, 0.0, 86.51389127229476], [0.30283917768120394, 0.9530416740423119, 0.0, 297.5848898679962], [0.0, 0.0, 1.0, -53.71111111111132], [0.0, 0.0, 0.0, 1.0]], [[0.9530416740423122, -0.30283917768120366, 0.0, 86.51389127229476], [0.30283917768120394, 0.9530416740423119, 0.0, 297.5848898679962], [0.0, 0.0, 1.0, -53.71111111111132], [0.0, 0.0, 0.0, 1.0]], [[0.9530416740423122, -0.30283917768120366, 0.0, 86.51389127229476], [0.30283917768120394, 0.9530416740423119, 0.0, 297.5848898679962], [0.0, 0.0, 1.0, -53.71111111111132], [0.0, 0.0, 0.0, 1.0]], [[0.9530416740423122, -0.30283917768120366, 0.0, 86.51389127229476], [0.30283917768120394, 0.9530416740423119, 0.0, 297.5848898679962], [0.0, 0.0, 1.0, -53.71111111111132], [0.0, 0.0, 0.0, 1.0]], [[0.9530416740423122, -0.30283917768120366, 0.0, 86.51389127229476], [0.30283917768120394, 0.9530416740423119, 0.0, 297.5848898679962], [0.0, 0.0, 1.0, -53.71111111111132], [0.0, 0.0, 0.0, 1.0]], [[0.9530416740423122, -0.30283917768120366, 0.0, 86.51389127229476], [0.30283917768120394, 0.9530416740423119, 0.0, 297.5848898679962], [0.0, 0.0, 1.0, -53.71111111111132], [0.0, 0.0, 0.0, 1.0]], [[0.9530416740423122, -0.30283917768120366, 0.0, 86.51389127229476], [0.30283917768120394, 0.9530416740423119, 0.0, 297.5848898679962], [0.0, 0.0, 1.0, -53.71111111111132], [0.0, 0.0, 0.0, 1.0]], [[0.9530416740423122, -0.30283917768120366, 0.0, 86.51389127229476], [0.30283917768120394, 0.9530416740423119, 0.0, 297.5848898679962], [0.0, 0.0, 1.0, -53.71111111111132], [0.0, 0.0, 0.0, 1.0]], [[0.9530416740423122, -0.30283917768120366, 0.0, 86.51389127229476], [0.30283917768120394, 0.9530416740423119, 0.0, 297.5848898679962], [0.0, 0.0, 1.0, -53.71111111111132], [0.0, 0.0, 0.0, 1.0]], [[0.9530416740423122, -0.30283917768120366, 0.0, 86.51389127229476], [0.30283917768120394, 0.9530416740423119, 0.0, 297.5848898679962], [0.0, 0.0, 1.0, -53.71111111111132], [0.0, 0.0, 0.0, 1.0]], [[0.9530416740423122, -0.30283917768120366, 0.0, 86.51389127229476], [0.30283917768120394, 0.9530416740423119, 0.0, 297.5848898679962], [0.0, 0.0, 1.0, -53.71111111111132], [0.0, 0.0, 0.0, 1.0]], [[0.9530416740423122, -0.30283917768120366, 0.0, 86.51389127229476], [0.30283917768120394, 0.9530416740423119, 0.0, 297.5848898679962], [0.0, 0.0, 1.0, -53.71111111111132], [0.0, 0.0, 0.0, 1.0]], [[0.9530416740423122, -0.30283917768120366, 0.0, 86.51389127229476], [0.30283917768120394, 0.9530416740423119, 0.0, 297.5848898679962], [0.0, 0.0, 1.0, -53.71111111111132], [0.0, 0.0, 0.0, 1.0]], [[0.9530416740423122, -0.30283917768120366, 0.0, 86.51389127229476], [0.30283917768120394, 0.9530416740423119, 0.0, 297.5848898679962], [0.0, 0.0, 1.0, -53.71111111111132], [0.0, 0.0, 0.0, 1.0]], [[0.9530416740423122, -0.30283917768120366, 0.0, 86.51389127229476], [0.30283917768120394, 0.9530416740423119, 0.0, 297.5848898679962], [0.0, 0.0, 1.0, -53.71111111111132], [0.0, 0.0, 0.0, 1.0]], [[0.9530416740423122, -0.30283917768120366, 0.0, 86.51389127229476], [0.30283917768120394, 0.9530416740423119, 0.0, 297.5848898679962], [0.0, 0.0, 1.0, -53.71111111111132], [0.0, 0.0, 0.0, 1.0]], [[0.9530416740423122, -0.30283917768120366, 0.0, 86.51389127229476], [0.30283917768120394, 0.9530416740423119, 0.0, 297.5848898679962], [0.0, 0.0, 1.0, -53.71111111111132], [0.0, 0.0, 0.0, 1.0]], [[0.9530416740423122, -0.30283917768120366, 0.0, 86.51389127229476], [0.30283917768120394, 0.9530416740423119, 0.0, 297.5848898679962], [0.0, 0.0, 1.0, -53.71111111111132], [0.0, 0.0, 0.0, 1.0]], [[0.9530416740423122, -0.30283917768120366, 0.0, 86.51389127229476], [0.30283917768120394, 0.9530416740423119, 0.0, 297.5848898679962], [0.0, 0.0, 1.0, -53.71111111111132], [0.0, 0.0, 0.0, 1.0]], [[0.9530416740423122, -0.30283917768120366, 0.0, 86.51389127229476], [0.30283917768120394, 0.9530416740423119, 0.0, 297.5848898679962], [0.0, 0.0, 1.0, -53.71111111111132], [0.0, 0.0, 0.0, 1.0]], [[0.9530416740423122, -0.30283917768120366, 0.0, 86.51389127229476], [0.30283917768120394, 0.9530416740423119, 0.0, 297.5848898679962], [0.0, 0.0, 1.0, -53.71111111111132], [0.0, 0.0, 0.0, 1.0]], [[0.9530416740423122, -0.30283917768120366, 0.0, 86.51389127229476], [0.30283917768120394, 0.9530416740423119, 0.0, 297.5848898679962], [0.0, 0.0, 1.0, -53.71111111111132], [0.0, 0.0, 0.0, 1.0]], [[0.9530416740423122, -0.30283917768120366, 0.0, 86.51389127229476], [0.30283917768120394, 0.9530416740423119, 0.0, 297.5848898679962], [0.0, 0.0, 1.0, -53.71111111111132], [0.0, 0.0, 0.0, 1.0]], [[0.9530416740423122, -0.30283917768120366, 0.0, 86.51389127229476], [0.30283917768120394, 0.9530416740423119, 0.0, 297.5848898679962], [0.0, 0.0, 1.0, -53.71111111111132], [0.0, 0.0, 0.0, 1.0]], [[0.9530416740423122, -0.30283917768120366, 0.0, 86.51389127229476], [0.30283917768120394, 0.9530416740423119, 0.0, 297.5848898679962], [0.0, 0.0, 1.0, -53.71111111111132], [0.0, 0.0, 0.0, 1.0]], [[0.9530416740423122, -0.30283917768120366, 0.0, 86.51389127229476], [0.30283917768120394, 0.9530416740423119, 0.0, 297.5848898679962], [0.0, 0.0, 1.0, -53.71111111111132], [0.0, 0.0, 0.0, 1.0]], [[0.9530416740423122, -0.30283917768120366, 0.0, 86.51389127229476], [0.30283917768120394, 0.9530416740423119, 0.0, 297.5848898679962], [0.0, 0.0, 1.0, -53.71111111111132], [0.0, 0.0, 0.0, 1.0]], [[0.9530416740423122, -0.30283917768120366, 0.0, 86.51389127229476], [0.30283917768120394, 0.9530416740423119, 0.0, 297.5848898679962], [0.0, 0.0, 1.0, -53.71111111111132], [0.0, 0.0, 0.0, 1.0]], [[0.9530416740423122, -0.30283917768120366, 0.0, 86.51389127229476], [0.30283917768120394, 0.9530416740423119, 0.0, 297.5848898679962], [0.0, 0.0, 1.0, -53.71111111111132], [0.0, 0.0, 0.0, 1.0]], [[0.9530416740423122, -0.30283917768120366, 0.0, 86.51389127229476], [0.30283917768120394, 0.9530416740423119, 0.0, 297.5848898679962], [0.0, 0.0, 1.0, -53.71111111111132], [0.0, 0.0, 0.0, 1.0]], [[0.9530416740423122, -0.30283917768120366, 0.0, 86.51389127229476], [0.30283917768120394, 0.9530416740423119, 0.0, 297.5848898679962], [0.0, 0.0, 1.0, -53.71111111111132], [0.0, 0.0, 0.0, 1.0]], [[0.9530416740423122, -0.30283917768120366, 0.0, 86.51389127229476], [0.30283917768120394, 0.9530416740423119, 0.0, 297.5848898679962], [0.0, 0.0, 1.0, -53.71111111111132], [0.0, 0.0, 0.0, 1.0]], [[0.9530416740423122, -0.30283917768120366, 0.0, 86.51389127229476], [0.30283917768120394, 0.9530416740423119, 0.0, 297.5848898679962], [0.0, 0.0, 1.0, -53.71111111111132], [0.0, 0.0, 0.0, 1.0]], [[0.9530416740423122, -0.30283917768120366, 0.0, 86.51389127229476], [0.30283917768120394, 0.9530416740423119, 0.0, 297.5848898679962], [0.0, 0.0, 1.0, -53.71111111111132], [0.0, 0.0, 0.0, 1.0]], [[0.9530416740423122, -0.30283917768120366, 0.0, 86.51389127229476], [0.30283917768120394, 0.9530416740423119, 0.0, 297.5848898679962], [0.0, 0.0, 1.0, -53.71111111111132], [0.0, 0.0, 0.0, 1.0]], [[0.9530416740423122, -0.30283917768120366, 0.0, 86.51389127229476], [0.30283917768120394, 0.9530416740423119, 0.0, 297.5848898679962], [0.0, 0.0, 1.0, -53.71111111111132], [0.0, 0.0, 0.0, 1.0]]],
    "inf_one_interval": [[[0.9530416740423122, -0.30283917768120366, 0.0, 86.51389127229476], [0.30283917768120394, 0.9530416740423119, 0.0, 297.5848898679962], [0.0, 0.0, 1.0, -53.71111111111132], [0.0, 0.0, 0.0, 1.0]]]
}